   0.00000000       0.00000000    
   3.92156877E-02   0.00000000    
   7.84313753E-02   2.89946841E-03
  0.117647067       8.36387835E-03
  0.156862751       1.60844326E-02
  0.196078435       2.57764161E-02
  0.235294119       3.71776409E-02
  0.274509817       5.00469804E-02
  0.313725501       6.41629994E-02
  0.352941185       7.93226361E-02
  0.392156869       9.53399986E-02
  0.431372553      0.112045199    
  0.470588237      0.129283294    
  0.509803951      0.146913260    
  0.549019635      0.164807007    
  0.588235319      0.182848528    
  0.627451003      0.200933009    
  0.666666687      0.218966052    
  0.705882370      0.236862943    
  0.745098054      0.254547954    
  0.784313738      0.271953642    
  0.823529422      0.289020270    
  0.862745106      0.305695266    
  0.901960790      0.321932614    
  0.941176474      0.337692350    
  0.980392158      0.352940142    
   1.01960790      0.367646784    
   1.05882359      0.381787866    
   1.09803927      0.395343304    
   1.13725495      0.408296973    
   1.17647064      0.420636445    
   1.21568632      0.432352602    
   1.25490201      0.443439364    
   1.29411769      0.453893453    
   1.33333337      0.463714033    
   1.37254906      0.472902596    
   1.41176474      0.481462657    
   1.45098042      0.489399582    
   1.49019611      0.496720344    
   1.52941179      0.503433406    
   1.56862748      0.509548604    
   1.60784316      0.515076816    
   1.64705884      0.520030022    
   1.68627453      0.524421036    
   1.72549021      0.528263390    
   1.76470590      0.531571329    
   1.80392158      0.534359634    
   1.84313726      0.536643505    
   1.88235295      0.538438559    
   1.92156863      0.539760590    
   1.96078432      0.540625691    
   2.00000000      0.541050136    
   2.03921580      0.541050136    
   2.07843161      0.540642023    
   2.11764741      0.539842129    
   2.15686321      0.538666666    
   2.19607902      0.537131727    
   2.23529482      0.535253286    
   2.27451062      0.533047140    
   2.31372643      0.530528903    
   2.35294223      0.527713835    
   2.39215803      0.524617076    
   2.43137383      0.521253407    
   2.47058964      0.517637372    
   2.50980544      0.513783097    
   2.54902124      0.509704530    
   2.58823705      0.505415142    
   2.62745285      0.500928104    
   2.66666865      0.496256262    
   2.70588446      0.491412103    
   2.74510026      0.486407697    
   2.78431606      0.481254816    
   2.82353187      0.475964814    
   2.86274767      0.470548689    
   2.90196347      0.465017080    
   2.94117928      0.459380269    
   2.98039508      0.453648150    
   3.01961088      0.447830260    
   3.05882668      0.441935778    
   3.09804249      0.435973555    
   3.13725829      0.429952085    
   3.17647409      0.423879474    
   3.21568990      0.417763531    
   3.25490570      0.411611766    
   3.29412150      0.405431300    
   3.33333731      0.399228960    
   3.37255311      0.393011272    
   3.41176891      0.386784434    
   3.45098472      0.380554408    
   3.49020052      0.374326795    
   3.52941632      0.368106931    
   3.56863213      0.361899912    
   3.60784793      0.355710566    
   3.64706373      0.349543422    
   3.68627954      0.343402773    
   3.72549534      0.337292701    
   3.76471114      0.331217021    
   3.80392694      0.325179309    
   3.84314275      0.319182962    
   3.88235855      0.313231140    
   3.92157435      0.307326794    
   3.96079016      0.301472694    
   4.00000572      0.295671403    
   4.03922129      0.289925337    
   4.07843685      0.284236670    
   4.11765242      0.278607458    
   4.15686798      0.273039579    
   4.19608355      0.267534733    
   4.23529911      0.262094498    
   4.27451468      0.256720304    
   4.31373024      0.251413465    
   4.35294580      0.246175095    
   4.39216137      0.241006240    
   4.43137693      0.235907808    
   4.47059250      0.230880588    
   4.50980806      0.225925267    
   4.54902363      0.221042410    
   4.58823919      0.216232508    
   4.62745476      0.211495951    
   4.66667032      0.206833020    
   4.70588589      0.202243924    
   4.74510145      0.197728798    
   4.78431702      0.193287686    
   4.82353258      0.188920557    
   4.86274815      0.184627324    
   4.90196371      0.180407837    
   4.94117928      0.176261872    
   4.98039484      0.172189146    
   5.01961040      0.168189332    
   5.05882597      0.164262056    
   5.09804153      0.160406888    
   5.13725710      0.156623334    
   5.17647266      0.152910903    
   5.21568823      0.149269029    
   5.25490379      0.145697117    
   5.29411936      0.142194539    
   5.33333492      0.138760656    
   5.37255049      0.135394767    
   5.41176605      0.132096171    
   5.45098162      0.128864124    
   5.49019718      0.125697866    
   5.52941275      0.122596629    
   5.56862831      0.119559608    
   5.60784388      0.116585992    
   5.64705944      0.113674954    
   5.68627501      0.110825650    
   5.72549057      0.108037233    
   5.76470613      0.105308838    
   5.80392170      0.102639593    
   5.84313726      0.100028627    
   5.88235283       9.74750444E-02
   5.92156839       9.49779674E-02
   5.96078396       9.25364941E-02
   5.99999952       9.01497304E-02
   6.03921509       8.78167897E-02
   6.07843065       8.55367631E-02
   6.11764622       8.33087638E-02
   6.15686178       8.11318904E-02
   6.19607735       7.90052488E-02
   6.23529291       7.69279525E-02
   6.27450848       7.48991147E-02
   6.31372404       7.29178563E-02
   6.35293961       7.09832981E-02
   6.39215517       6.90945685E-02
   6.43137074       6.72507957E-02
   6.47058630       6.54511303E-02
   6.50980186       6.36947080E-02
   6.54901743       6.19806945E-02
   6.58823299       6.03082515E-02
   6.62744856       5.86765483E-02
   6.66666412       5.70847653E-02
   6.70587969       5.55320941E-02
   6.74509525       5.40177301E-02
   6.78431082       5.25408834E-02
   6.82352638       5.11007719E-02
   6.86274195       4.96966206E-02
   6.90195751       4.83276695E-02
   6.94117308       4.69931662E-02
   6.98038864       4.56923693E-02
   7.01960421       4.44245487E-02
   7.05881977       4.31889817E-02
   7.09803534       4.19849604E-02
   7.13725090       4.08117846E-02
   7.17646646       3.96687686E-02
   7.21568203       3.85552347E-02
   7.25489759       3.74705158E-02
   7.29411316       3.64139564E-02
   7.33332872       3.53849158E-02
   7.37254429       3.43827605E-02
   7.41175985       3.34068686E-02
   7.45097542       3.24566290E-02
   7.49019098       3.15314420E-02
   7.52940655       3.06307189E-02
   7.56862211       2.97538806E-02
   7.60783768       2.89003607E-02
   7.64705324       2.80696023E-02
   7.68626881       2.72610597E-02
   7.72548437       2.64741983E-02
   7.76469994       2.57084910E-02
   7.80391550       2.49634255E-02
   7.84313107       2.42384952E-02
   7.88234663       2.35332064E-02
   7.92156219       2.28470769E-02
   7.96077776       2.21796315E-02
   7.99999332       2.15304047E-02
   8.03920937       2.08989419E-02
   8.07842541       2.02847999E-02
   8.11764145       1.96875408E-02
   8.15685749       1.91067401E-02
   8.19607353       1.85419805E-02
   8.23528957       1.79928541E-02
   8.27450562       1.74589604E-02
   8.31372166       1.69399101E-02
   8.35293770       1.64353214E-02
   8.39215374       1.59448218E-02
   8.43136978       1.54680461E-02
   8.47058582       1.50046377E-02
   8.50980186       1.45542482E-02
   8.54901791       1.41165378E-02
   8.58823395       1.36911739E-02
   8.62744999       1.32778315E-02
   8.66666603       1.28761930E-02
   8.70588207       1.24859503E-02
   8.74509811       1.21067995E-02
   8.78431416       1.17384456E-02
   8.82353020       1.13806007E-02
   8.86274624       1.10329837E-02
   8.90196228       1.06953196E-02
   8.94117832       1.03673413E-02
   8.98039436       1.00487871E-02
   9.01961040       9.73940175E-03
   9.05882645       9.43893660E-03
   9.09804249       9.14714951E-03
   9.13725853       8.86380393E-03
   9.17647457       8.58866889E-03
   9.21569061       8.32151901E-03
   9.25490665       8.06213543E-03
   9.29412270       7.81030487E-03
   9.33333874       7.56581826E-03
   9.37255478       7.32847257E-03
   9.41177082       7.09807035E-03
   9.45098686       6.87441835E-03
   9.49020290       6.65732846E-03
   9.52941895       6.44661812E-03
   9.56863499       6.24210853E-03
   9.60785103       6.04362600E-03
   9.64706707       5.85100148E-03
   9.68628311       5.66407014E-03
   9.72549915       5.48267132E-03
   9.76471519       5.30664902E-03
   9.80393124       5.13585098E-03
   9.84314728       4.97012911E-03
   9.88236332       4.80933907E-03
   9.92157936       4.65334021E-03
   9.96079540       4.50199610E-03
   10.0000114       4.35517402E-03
