   1.00000000      0.840727389    
   1.09090912      0.889459908    
   1.18181825      0.941017270    
   1.27272725      0.995562971    
   1.36363637       1.05327046    
   1.45454550       1.11432302    
   1.54545450       1.17891443    
   1.63636363       1.24724996    
   1.72727275       1.31954646    
   1.81818187       1.39603364    
   1.90909100       1.47695434    
   2.00000000       1.56256545    
   2.09090900       1.65313900    
   2.18181825       1.74896300    
   2.27272725       1.85034096    
   2.36363649       1.95759571    
   2.45454550       2.07106709    
   2.54545450       2.19111562    
   2.63636374       2.31812334    
   2.72727275       2.45249248    
   2.81818199       2.59465098    
   2.90909100       2.74504900    
   3.00000000       2.90416503    
   3.09090924       3.07250404    
   3.18181825       3.25060058    
   3.27272725       3.43902087    
   3.36363649       3.63836336    
   3.45454550       3.84925961    
   3.54545450       4.07238054    
   3.63636374       4.30843544    
   3.72727275       4.55817223    
   3.81818199       4.82238626    
   3.90909100       5.10191393    
   4.00000000       5.39764452    
   4.09090900       5.71051693    
   4.18181801       6.04152489    
   4.27272749       6.39172268    
   4.36363649       6.76221657    
   4.45454550       7.15418577    
   4.54545498       7.56887722    
   4.63636398       8.00760651    
   4.72727299       8.47176456    
   4.81818199       8.96282673    
   4.90909100       9.48235321    
   5.00000000       10.0319948    
   5.09090900       10.6134958    
   5.18181849       11.2287083    
   5.27272749       11.8795757    
   5.36363649       12.5681705    
   5.45454550       13.2966805    
   5.54545450       14.0674171    
   5.63636398       14.8828373    
   5.72727299       15.7455149    
   5.81818199       16.6581974    
   5.90909100       17.6237831    
   6.00000000       18.6453438    
   6.09090900       19.7261143    
   6.18181849       20.8695354    
   6.27272749       22.0792313    
   6.36363649       23.3590450    
   6.45454550       24.7130489    
   6.54545450       26.1455326    
   6.63636398       27.6610603    
   6.72727299       29.2644234    
   6.81818199       30.9607258    
   6.90909100       32.7553520    
   7.00000000       34.6540031    
   7.09090948       36.6627274    
   7.18181849       38.7878685    
   7.27272749       41.0361938    
   7.36363649       43.4148407    
   7.45454550       45.9313660    
   7.54545498       48.5937805    
   7.63636398       51.4105034    
   7.72727299       54.3904915    
   7.81818199       57.5432014    
   7.90909100       60.8786736    
   8.00000000       64.4074783    
   8.09090996       68.1408997    
   8.18181801       72.0905914    
   8.27272797       76.2693710    
   8.36363602       80.6902161    
   8.45454597       85.3674774    
   8.54545498       90.3157730    
   8.63636398       95.5508881    
   8.72727299       101.089462    
   8.81818199       106.949074    
   8.90909100       113.148338    
   9.00000000       119.706940    
   9.09090900       126.645706    
   9.18181801       133.986679    
   9.27272797       141.753296    
   9.36363697       149.969971    
   9.45454597       158.662933    
   9.54545498       167.859756    
   9.63636398       177.589691    
   9.72727299       187.883606    
   9.81818199       198.774216    
   9.90909100       210.296082    
   10.0000000       222.485825    
