   1.00000000      0.577301383    
   1.09090912      0.520827711    
   1.18181825      0.474418372    
   1.27272725      0.435603172    
   1.36363637      0.402659059    
   1.45454550      0.374347597    
   1.54545450      0.349755883    
   1.63636363      0.328195930    
   1.72727275      0.309139699    
   1.81818187      0.292174935    
   1.90909100      0.276975274    
   2.00000000      0.263278902    
   2.09090900      0.250873238    
   2.18181825      0.239584073    
   2.27272725      0.229267180    
   2.36363649      0.219802111    
   2.45454550      0.211087584    
   2.54545450      0.203037709    
   2.63636374      0.195579261    
   2.72727275      0.188649356    
   2.81818199      0.182193726    
   2.90909100      0.176165313    
   3.00000000      0.170523062    
   3.09090924      0.165231004    
   3.18181825      0.160257533    
   3.27272725      0.155574724    
   3.36363649      0.151157796    
   3.45454550      0.146984771    
   3.54545450      0.143035963    
   3.63636374      0.139293760    
   3.72727275      0.135742381    
   3.81818199      0.132367596    
   3.90909100      0.129156545    
   4.00000000      0.126097590    
   4.09090900      0.123180181    
   4.18181801      0.120394722    
   4.27272749      0.117732443    
   4.36363649      0.115185365    
   4.45454550      0.112746157    
   4.54545498      0.110408105    
   4.63636398      0.108165063    
   4.72727299      0.106011353    
   4.81818199      0.103941731    
   4.90909100      0.101951361    
   5.00000000      0.100035794    
   5.09090900       9.81908813E-02
   5.18181849       9.64127854E-02
   5.27272749       9.46979374E-02
   5.36363649       9.30430293E-02
   5.45454550       9.14449692E-02
   5.54545450       8.99008811E-02
   5.63636398       8.84080678E-02
   5.72727299       8.69640186E-02
   5.81818199       8.55663940E-02
   5.90909100       8.42129737E-02
   6.00000000       8.29017088E-02
   6.09090900       8.16306546E-02
   6.18181849       8.03979710E-02
   6.27272749       7.92019740E-02
   6.36363649       7.80410394E-02
   6.45454550       7.69136474E-02
   6.54545450       7.58183599E-02
   6.63636398       7.47538283E-02
   6.72727299       7.37187788E-02
   6.81818199       7.27120042E-02
   6.90909100       7.17323571E-02
   7.00000000       7.07787573E-02
   7.09090948       6.98501691E-02
   7.18181849       6.89456388E-02
   7.27272749       6.80642352E-02
   7.36363649       6.72050864E-02
   7.45454550       6.63673505E-02
   7.54545498       6.55502379E-02
   7.63636398       6.47530109E-02
   7.72727299       6.39749393E-02
   7.81818199       6.32153451E-02
   7.90909100       6.24735765E-02
   8.00000000       6.17490187E-02
   8.09090996       6.10410646E-02
   8.18181801       6.03491701E-02
   8.27272797       5.96727766E-02
   8.36363602       5.90113848E-02
   8.45454597       5.83644845E-02
   8.54545498       5.77316210E-02
   8.63636398       5.71123324E-02
   8.72727299       5.65061904E-02
   8.81818199       5.59127741E-02
   8.90909100       5.53316996E-02
   9.00000000       5.47625795E-02
   9.09090900       5.42050414E-02
   9.18181801       5.36587425E-02
   9.27272797       5.31233400E-02
   9.36363697       5.25985248E-02
   9.45454597       5.20839766E-02
   9.54545498       5.15793972E-02
   9.63636398       5.10844998E-02
   9.72727299       5.05990088E-02
   9.81818199       5.01226597E-02
   9.90909100       4.96551991E-02
   10.0000000       4.91963737E-02
