  0.100000001       1.00500000    
  0.103030302       1.00531721    
  0.106060609       1.00564289    
  0.109090909       1.00597680    
  0.112121217       1.00631881    
  0.115151517       1.00666952    
  0.118181825       1.00702846    
  0.121212125       1.00739598    
  0.124242425       1.00777185    
  0.127272725       1.00815618    
  0.130303025       1.00854909    
  0.133333340       1.00895047    
  0.136363640       1.00936055    
  0.139393941       1.00977910    
  0.142424241       1.01020622    
  0.145454556       1.01064241    
  0.148484856       1.01108682    
  0.151515156       1.01154029    
  0.154545456       1.01200235    
  0.157575756       1.01247311    
  0.160606056       1.01295280    
  0.163636371       1.01344097    
  0.166666672       1.01393831    
  0.169696972       1.01444447    
  0.172727287       1.01495945    
  0.175757587       1.01548350    
  0.178787887       1.01601636    
  0.181818187       1.01655817    
  0.184848487       1.01710927    
  0.187878788       1.01766908    
  0.190909088       1.01823807    
  0.193939403       1.01881623    
  0.196969703       1.01940358    
  0.200000003       1.01999998    
  0.203030318       1.02060556    
  0.206060618       1.02122033    
  0.209090918       1.02184439    
  0.212121218       1.02247787    
  0.215151519       1.02312040    
  0.218181819       1.02377236    
  0.221212119       1.02443349    
  0.224242434       1.02510417    
  0.227272749       1.02578425    
  0.230303049       1.02647388    
  0.233333349       1.02717280    
  0.236363649       1.02788126    
  0.239393950       1.02859926    
  0.242424250       1.02932668    
  0.245454550       1.03006387    
  0.248484850       1.03081059    
  0.251515150       1.03156686    
  0.254545450       1.03233266    
  0.257575780       1.03310847    
  0.260606080       1.03389382    
  0.263636380       1.03468895    
  0.266666681       1.03549385    
  0.269696981       1.03630841    
  0.272727281       1.03713286    
  0.275757581       1.03796732    
  0.278787881       1.03881156    
  0.281818181       1.03966570    
  0.284848481       1.04052973    
  0.287878811       1.04140377    
  0.290909111       1.04228783    
  0.293939412       1.04318190    
  0.296969712       1.04408586    
  0.300000012       1.04499996    
  0.303030312       1.04592419    
  0.306060612       1.04685855    
  0.309090912       1.04780316    
  0.312121212       1.04875791    
  0.315151513       1.04972279    
  0.318181843       1.05069804    
  0.321212143       1.05168331    
  0.324242443       1.05267906    
  0.327272743       1.05368519    
  0.330303043       1.05470145    
  0.333333343       1.05572832    
  0.336363643       1.05676556    
  0.339393944       1.05781305    
  0.342424244       1.05887139    
  0.345454544       1.05993986    
  0.348484874       1.06101894    
  0.351515144       1.06210852    
  0.354545474       1.06320882    
  0.357575774       1.06431937    
  0.360606074       1.06544113    
  0.363636374       1.06657314    
  0.366666675       1.06771588    
  0.369696975       1.06886959    
  0.372727275       1.07003391    
  0.375757575       1.07120872    
  0.378787875       1.07239473    
  0.381818175       1.07359123    
  0.384848505       1.07479882    
  0.387878805       1.07601714    
  0.390909106       1.07724643    
  0.393939406       1.07848668    
  0.396969706       1.07973778    
  0.400000006       1.08099997    
