   1.00000000       2.09829640    
   1.09090912       2.24366760    
   1.18181825       2.38903904    
   1.27272725       2.53441024    
   1.36363637       2.67978168    
   1.45454550       2.82515287    
   1.54545450       2.97052407    
   1.63636363       3.11589527    
   1.72727275       3.26126671    
   1.81818187       3.40663815    
   1.90909100       3.55200934    
   2.00000000       3.69738054    
   2.09090900       3.84275174    
   2.18181825       3.98812318    
   2.27272725       4.13349438    
   2.36363649       4.27886581    
   2.45454550       4.42423725    
   2.54545450       4.56960821    
   2.63636374       4.71497965    
   2.72727275       4.86035109    
   2.81818199       5.00572252    
   2.90909100       5.15109348    
   3.00000000       5.29646492    
   3.09090924       5.44183636    
   3.18181825       5.58720732    
   3.27272725       5.73257828    
   3.36363649       5.87795019    
   3.45454550       6.02332115    
   3.54545450       6.16869211    
   3.63636374       6.31406403    
   3.72727275       6.45943499    
   3.81818199       6.60480642    
   3.90909100       6.75017786    
   4.00000000       6.89554882    
   4.09090900       7.04091978    
   4.18181801       7.18629122    
   4.27272749       7.33166313    
   4.36363649       7.47703409    
   4.45454550       7.62240553    
   4.54545498       7.76777744    
   4.63636398       7.91314840    
   4.72727299       8.05851936    
   4.81818199       8.20389080    
   4.90909100       8.34926224    
   5.00000000       8.49463272    
   5.09090900       8.64000416    
   5.18181849       8.78537560    
   5.27272749       8.93074703    
   5.36363649       9.07611847    
   5.45454550       9.22148991    
   5.54545450       9.36686039    
   5.63636398       9.51223278    
   5.72727299       9.65760326    
   5.81818199       9.80297470    
   5.90909100       9.94834614    
   6.00000000       10.0937176    
   6.09090900       10.2390881    
   6.18181849       10.3844604    
   6.27272749       10.5298309    
   6.36363649       10.6752024    
   6.45454550       10.8205738    
   6.54545450       10.9659443    
   6.63636398       11.1113167    
   6.72727299       11.2566881    
   6.81818199       11.4020586    
   6.90909100       11.5474300    
   7.00000000       11.6928015    
   7.09090948       11.8381729    
   7.18181849       11.9835443    
   7.27272749       12.1289158    
   7.36363649       12.2742863    
   7.45454550       12.4196577    
   7.54545498       12.5650301    
   7.63636398       12.7104006    
   7.72727299       12.8557720    
   7.81818199       13.0011435    
   7.90909100       13.1465139    
   8.00000000       13.2918854    
   8.09090996       13.4372578    
   8.18181801       13.5826273    
   8.27272797       13.7280006    
   8.36363602       13.8733702    
   8.45454597       14.0187426    
   8.54545498       14.1641140    
   8.63636398       14.3094845    
   8.72727299       14.4548559    
   8.81818199       14.6002274    
   8.90909100       14.7455988    
   9.00000000       14.8909693    
   9.09090900       15.0363407    
   9.18181801       15.1817122    
   9.27272797       15.3270845    
   9.36363697       15.4724560    
   9.45454597       15.6178265    
   9.54545498       15.7631979    
   9.63636398       15.9085693    
   9.72727299       16.0539398    
   9.81818199       16.1993103    
   9.90909100       16.3446827    
   10.0000000       16.4900532    
