  0.540302277      0.841470957    
 -0.832293689       1.81859481    
  -2.96997738      0.423359990    
   1.41831100      -4.79462147    
   5.27731562       4.59890604    
   4.86826785E-02  -10.9998922    
   11.7968082       5.46217155    
  -4.67777681      -16.3437576    
   18.7853870       2.84766698    
  -12.2551603      -19.4630699    
  -21.6936684      -19.2453823    
   28.3570137      -12.5251675    
   28.3203201      -23.8109112    
  -40.4809113      -6.50352955    
   23.8698730      -35.7663155    
  -46.6397667       5.80793667    
  -48.6689873       20.9840336    
  -45.4937325       37.5675430    
  -15.7441998      -58.9331856    
  -34.6905785      -57.3198357    
  -21.9406128       67.5248795    
  -53.7420654      -49.4043503    
  -70.7817078      -35.0848999    
   20.7118301       80.3742523    
   45.4057541       76.5461731    
  -89.7393112       36.8219490    
   90.0924911       45.6546059    
  -80.5697861       64.1678314    
   105.157410       19.7716465    
  -62.8932381       89.0249405    
   112.465126      -10.9815559    
   29.5096054       123.524017    
   76.5313568      -106.320038    
   45.7806587      -129.124481    
   99.7970123       96.7551422    
  -33.3374023      -145.222656    
   147.882553       30.5246315    
   156.502472      -12.4891214    
   152.388763      -57.8503571    
  -146.908005      -79.4168777    
  -169.112167      -36.4702225    
  -178.551804       12.6592684    
   63.4943199      -169.497696    
  -153.524536       113.627533    
  -39.8453751      -188.842117    
  -119.293709       156.773758    
  -93.8535156      -175.477966    
  -183.808975      -103.611099    
  -222.685944       11.8309278    
   157.282410       163.680298    
  -216.174652       75.5613861    
   201.953217       116.206253    
   232.208817       56.5690727    
  -149.310165       189.175766    
   237.666306      -80.7200546    
   210.561523      -147.352798    
   164.761063      -204.994614    
   103.222366      -248.407211    
   184.280380       198.700134    
   237.607162       142.379181    
  -48.2442284      -276.827545    
   273.729767       71.8402634    
  -197.331070      -216.585892    
   196.531418      -235.848267    
  -310.951447       5.49592543    
   125.204048      -286.867462    
  -302.761169       93.9397125    
  -140.394226      -299.750671    
  -222.519104      -253.089401    
   50.4781647       343.308838    
  -335.096497      -97.5261154    
   146.890152       320.986420    
   234.649857       271.699158    
  -309.700317       196.912933    
  -246.306580       280.110809    
  -160.774200       343.209351    
   368.681183      -103.745804    
   330.100037      -205.803207    
   158.783203       363.863831    
   173.314255      -361.611908    
   339.180847       228.554947    
  -164.176559      -385.495880    
   420.851257       11.1907215    
  -355.279449      -244.003098    
   371.435455      -222.541489    
   298.540009      -321.861542    
  -442.721893      -15.6947937    
  -435.290558       110.105019    
  -46.4109612      -454.637238    
  -316.480408       335.203156    
  -173.848007      -429.122192    
  -212.950104       415.621521    
   44.4254265       476.935425    
  -486.312561      -25.8663654    
   300.749481       388.111755    
  -434.709930       245.006683    
   473.331116       170.195969    
   508.022339       31.5327644    
   456.121979      -251.781143    
   39.2804565       521.522827    
   431.966797       325.707947    
   511.378815       194.166702    
  -329.365814      -449.184998    
  -446.515137      -342.918701    
  -530.137573      -206.676468    
   409.981476      -397.437012    
   285.571503      -501.376038    
  -521.254028       269.931915    
  -429.414307       408.964996    
  -301.055267       517.848145    
  -346.748718      -490.883209    
  -474.791321      -378.182709    
  -567.101379      -232.733749    
   195.818222       585.101868    
  -615.509460      -65.6433792    
  -565.374573       280.201019    
   636.758789       73.6154556    
  -332.959137       550.079285    
   637.881592      -108.240677    
   587.630188      -284.780151    
   489.106232      -441.651550    
   198.653671       630.442444    
   515.097534       433.132202    
  -8.94754601      -676.940857    
  -199.491425      -653.216797    
   683.201172      -103.523964    
  -638.684875      -288.933563    
   383.110321      -596.579834    
  -655.120544       296.273682    
  -200.001617      -698.948059    
  -390.529205      -620.303101    
  -552.784912      -490.458771    
  -9.90941429       742.933899    
  -741.484619      -119.170334    
  -751.203552       93.4995651    
   564.748596       510.078430    
  -592.990173       489.615784    
   762.090271       129.411911    
  -24.4247742       786.620911    
   454.130524      -654.961426    
   32.2638283      -808.356384    
   723.393860       366.636536    
  -412.546082      -709.821655    
   819.109253      -79.9313278    
  -598.793945      -570.416321    
   769.721313      -307.847595    
  -823.137756      -162.373810    
   49.1009941      -851.585632    
  -679.749390       521.909729    
  -192.143005      -837.234741    
  -510.394012       695.892944    
  -771.461731      -417.104034    
   189.455872       860.387939    
  -863.145020      -186.197739    
   425.191772       778.447754    
  -549.279053       721.762756    
   909.256958      -56.3272018    
  -77.2415390       915.748169    
   569.123718      -734.260986    
   649.182312       675.671082    
   87.3871384      -936.933594    
  -179.021469      -929.924927    
  -434.461853      -848.205078    
   792.301880      -554.388611    
  -941.323486      -238.224808    
  -976.390808       34.4958420    
  -933.561035       307.819458    
  -170.083603      -976.295349    
  -438.741608      -895.273560    
  -860.851501      -526.322815    
   165.019272       999.468628    
   440.306213       918.962158    
  -1020.84167       17.9813461    
   874.826599       545.563354    
  -861.804260       569.545837    
  -672.220825       792.237427    
   1004.61212      -301.919708    
  -143.804962       1041.11536    
   693.588440      -802.904724    
   442.276672       966.623169    
   698.671875       809.085083    
   1086.95654       9.71967030    
  -705.713745      -832.015076    
   1052.15491      -296.004883    
  -915.088318      -604.997803    
  -1053.41663      -326.989807    
  -1108.82446      -19.7317104    
   182.160370      -1102.04651    
  -133.738464      -1115.00806    
  -442.312866      -1038.74939    
   441.540771       1062.94055    
  -1152.27368      -40.9184494    
   952.771912       666.929321    
  -803.952698       851.411133    
   1147.47559      -279.393341    
   1028.90601      -591.879456    
   826.702515      -860.123230    
   735.584595       949.376831    
   1141.42773       410.501617    
  -436.854187      -1135.89062    
  -740.472534      -973.359802    
  -987.773926      -731.261719    
   1077.74438      -594.834412    
   872.845886      -876.532410    
   268.813568      -1219.72961    
  -896.231079       884.223328    
   73.2770004       1274.89587    
  -1191.61694      -464.639832    
   428.588379       1209.29773    
   752.919067       1046.24756    
  -1266.63733       249.621429    
  -1151.76758       596.355957    
   1207.88293       483.342377    
  -943.606995       898.562622    
   1300.79822       127.173607    
   1176.62634      -596.080139    
   52.4442291       1319.95850    
   421.076141       1258.42114    
  -1049.33569      -866.726990    
  -1255.22729      -541.381042    
  -1362.45605      -169.830185    
   368.394409      -1330.95703    
  -766.132141      -1170.57361    
   6.06591702       1408.98694    
  -1408.78345       200.643921    
   1075.70544       937.649597    
  -1302.07617       588.760315    
   1300.29871       602.256165    
   1422.71997       215.844864    
  -422.891724       1383.82495    
   1327.36182      -586.098572    
  -19.4662971       1452.86963    
   388.862488       1406.22437    
   1091.58997       986.038757    
  -382.075989      -1430.86658    
   1462.05469       248.364807    
  -769.770264      -1272.25110    
   1479.17883      -170.736237    
  -1099.01392      -1010.55310    
  -1342.98022      -665.886841    
  -1502.50854       159.965958    
  -1191.45203       948.667969    
  -769.235779      -1323.72107    
  -1370.05054      -709.796265    
  -1519.69629      -299.873505    
   768.373840       1349.59644    
   1119.17517       1085.32385    
  -1242.95984       954.222168    
   1538.52783       317.763000    
  -540.978149       1483.43652    
   1480.01514      -561.644348    
   765.452454       1401.60315    
   561.807312      -1499.19104    
   120.985229      -1602.43921    
   1408.49707       777.828430    
  -332.817963      -1578.29065    
  -763.389893      -1427.72437    
   1617.90466      -100.129013    
   1531.13281      -550.237671    
  -1593.80701      -373.561768    
  -313.142212      -1627.14197    
  -758.053528      -1480.17688    
  -626.207336       1544.91211    
  -1145.56311      -1213.77356    
  -1607.88428       530.054016    
   1455.56042       872.440857    
  -1400.68384       961.605835    
   1708.40430      -45.1184311    
   1427.38721      -961.460815    
   280.576904       1700.00159    
   693.413940      -1588.22729    
   1477.22205       921.355591    
   1681.60107       473.525879    
   1752.93359      -15.2521400    
   1684.59937      -506.168030    
   739.736450      -1615.71008    
   259.692444      -1763.98669    
  -1508.11157       958.628540    
  -244.355789      -1772.23340    
  -1164.89465      -1373.54346    
   231.471527       1796.14636    
   1166.77197       1400.70410    
  -1562.39001       954.724365    
   1786.58252      -468.542480    
   713.803772       1718.66382    
   1169.35242       1455.43945    
   337.862732      -1840.24182    
   1534.36499       1074.17554    
  -190.394913      -1867.31860    
   1779.07397       604.596680    
  -1170.05090      -1483.00427    
  -1794.41931      -627.583069    
  -1904.29602      -101.517426    
  -1862.65601       435.983246    
  -911.017212       1702.58875    
  -1170.25342      -1538.50439    
   683.373901       1825.26746    
  -1946.08984      -138.330933    
   1966.71912       157.304993    
   1938.21509      -399.704071    
   113.898727       1983.73291    
   665.651855       1878.55164    
   988.573669      -1735.14575    
   1167.54004       1622.60632    
   465.767639      -1948.09375    
   1867.02075       747.231323    
   2007.41736       196.378983    
  -1585.35364      -1263.08472    
   1810.04382      -916.832947    
  -2027.47620      -216.475235    
  -63.2206001      -2052.02637    
  -1068.47839       1764.74451    
  -534.373840       1998.80103    
   625.174133       1984.87231    
  -2066.98828      -257.776672    
   1158.20752       1736.12341    
  -2062.61157       330.989716    
   1919.89087       848.422302    
   2087.21265      -316.013275    
  -581.787537       2031.32764    
   1150.62769      -1791.28369    
   1151.05994       1793.38293    
   1610.83508       1404.27173    
   9.86264992      -2140.97729    
   1944.49548       900.769653    
  -1146.85999      -1822.12000    
   1976.91614      -872.767822    
   655.367004      -2078.10864    
  -1621.56287      -1491.22192    
  -68.7608719       2205.92847    
   551.844666       2143.09033    
  -2208.53271       234.998810    
   2198.40308       413.754364    
  -1292.23853       1828.45300    
   2232.42236      -217.575256    
  -109.948425       2248.31323    
   757.939331      -2136.54321    
   1628.77478       1579.70044    
   131.113663      -2269.21533    
   2233.82446       461.507904    
   2279.78540      -181.515182    
   2143.87378      -813.421265    
  -2020.44702      -1092.70422    
  -2303.24780       162.880905    
   811.084106      -2163.99268    
  -838.109741       2177.26001    
  -196.872925       2330.69995    
  -2039.11340      -1149.91187    
  -2285.04102      -535.720825    
   1090.02209       2083.03931    
   1632.79675       1699.83044    
  -1469.27612       1860.87854    
  -893.051147       2202.85938    
   2254.65430      -765.307251    
  -242.578964       2370.62109    
   430.552490       2349.88208    
   1499.47510      -1864.94604    
   920.959961      -2215.18262    
  -413.509308      -2375.27490    
  -1631.52991      -1791.37915    
   1560.42676      -1871.90735    
  -2440.62646       42.6954041    
  -2337.21826       724.720764    
  -1591.17029       1874.79541    
  -1628.61035      -1853.02930    
  -2086.57080      -1327.38513    
   359.886475       2450.71631    
  -1653.16931       1879.37219    
   322.068848       2500.34253    
   1094.32397      -2282.19556    
   2105.31836       1419.20959    
  -302.542297      -2524.93896    
  -998.349182      -2345.35693    
   2550.08643       68.2700882    
   2473.39673      -648.504456    
  -2500.36914       631.977295    
  -1779.08411       1883.65076    
  -973.189270      -2403.44580    
   241.504959       2597.79834    
  -2613.28076      -139.471176    
   1605.05176       2072.06421    
   2477.53442       891.354614    
  -547.104980       2589.84277    
   1875.04626      -1882.51160    
   932.169678       2490.24902    
   1277.23853      -2336.71362    
   2132.39551       1608.45593    
   2502.49927       950.698059    
   2674.44604       214.073700    
  -1588.48779      -2167.18140    
   2633.61548      -542.945923    
  -2135.52075      -1640.67065    
   1340.18628      -2351.96729    
  -2659.90356       523.864929    
   631.026611      -2638.59326    
  -131.661423      -2715.81030    
  -1372.01233       2359.03003    
  -1575.25488      -2230.90405    
   108.488548       2738.85229    
  -2733.44580      -292.018860    
   1567.97705       2262.84277    
  -2037.49683       1872.13660    
   2737.94678      -464.086517    
   2070.31885      -1868.77002    
   838.311829       2662.12598    
   1552.09082       2326.84839    
   747.517883      -2699.41064    
   2145.02051       1804.35474    
  -1543.47998      -2358.90454    
   2136.25391      -1860.72803    
  -2814.64526       400.525421    
   13.3051910      -2850.96899    
  -785.479248      -2746.90210    
  -1567.63062       2393.29395    
  -2864.95850       356.064728    
   2606.60938       1264.19800    
   2861.94043       486.523773    
   2889.85303      -333.212128    
  -91.0572739       2915.57837    
   1668.23926      -2405.05859    
   2939.09155      -286.269409    
  -2140.66357      -2039.95312    
  -2630.72314      -1363.32849    
  -2912.76367      -575.124939    
   1736.26587      -2410.85498    
  -1027.82129       2817.37183    
  -2135.52783      -2108.44092    
   646.972839       2940.67114    
  -3011.49194       212.783997    
   2132.29956       2142.85498    
  -1839.64380       2416.41870    
   3035.21558      -187.476303    
  -256.816589       3038.16504    
   1419.04443       2712.20093    
   2124.51147       2211.99927    
   2991.33447       729.492004    
  -1405.00830      -2744.23755    
  -2119.94751      -2246.71851    
   1193.69727      -2870.70850    
  -2571.56836       1764.99219    
  -535.095642      -3074.78687    
  -374.713074       3114.54004    
  -2639.12158       1743.44666    
  -2050.74292       2415.99146    
  -435.815979       3151.00391    
   462.853180       3153.21045    
   2086.43188      -2414.39062    
   466.896301      -3168.78784    
  -437.927277      -3178.97778    
  -2083.06079      -2456.76611    
  -2774.27832       1694.80969    
  -386.816711      -3229.91992    
  -1276.24927      -2998.71118    
   3123.42969       1061.87976    
  -2266.74316       2399.68262    
  -1508.68835       2942.80640    
  -627.468323       3253.03735    
   307.027649       3304.76855    
   2303.14258      -2395.38354    
   2039.68384       2633.48633    
  -2699.33960      -1999.11157    
   2942.85986      -1623.54468    
  -3362.48706      -239.418045    
   1617.94995      -2959.62280    
  -2412.92212       2379.73267    
  -1160.43933      -3186.26147    
   194.885788       3401.42163    
   1139.53674       3217.14551    
  -2486.53931       2366.98364    
   3076.99463      -1558.10938    
   1096.36279       3278.54199    
   1766.62000      -2976.16772    
   1972.18750       2846.54980    
   866.167603      -3357.05859    
   2693.66479       2185.89355    
  -2691.17090      -2223.66357    
   2597.50439      -2344.34912    
   937.203308      -3383.60327    
  -45.6342354      -3516.70410    
  -1932.04639      -2953.14038    
  -973.175903       3396.32422    
   14.5957460       3538.96973    
  -3225.87207      -1460.28406    
  -3511.35254      -501.611176    
   2680.92578       2337.70947    
  -3243.15454       1465.75208    
  -1956.84167       2987.10767    
   3276.12842      -1445.87134    
   1995.42285      -2987.96509    
   3561.86206       605.729919    
  -1871.84058      -3094.97998    
  -2666.48706      -2452.74878    
   2820.83594      -2286.27295    
   2073.08276      -2988.32666    
   1157.43408      -3454.24316    
  -2112.15161       2987.82446    
  -179.749390       3666.59668    
  -3261.00049      -1690.20862    
   853.306335       3576.61816    
  -2932.90405       2250.75171    
   3624.36572       749.249268    
  -1271.36353       3484.29565    
   2970.28198      -2237.94214    
   1785.78357       3271.31543    
  -3667.45020      -860.289001    
  -3567.72949       1245.85242    
  -1728.37134      -3376.32666    
  -1426.97681       3518.65674    
  -387.584900       3783.19800    
   2597.44067       2802.38159    
  -3631.01489       1196.26965    
   3194.38550      -2150.83765    
   626.742920       3801.68408    
   1546.31726      -3540.01025    
   3731.67456       1051.53918    
  -1645.07324      -3515.09546    
   3724.70874      -1118.42102    
   1627.06360      -3552.08569    
  -3755.58813       1091.54883    
  -534.585815      -3882.36768    
  -2591.39917       2945.26392    
  -1667.77905       3557.46460    
  -2542.04565      -2998.46045    
   1577.54248       3618.03369    
  -2672.77515       2931.44385    
   3278.84961       2296.33496    
  -405.732086      -3986.40576    
  -1505.68665      -3719.82202    
  -2488.80713      -3155.66162    
   3907.08765      -950.319946    
   3491.13672      -2007.16040    
  -338.781128      -4036.80933    
  -1455.38708      -3786.96436    
   304.682556       4061.58813    
  -3601.26929       1945.12439    
   4081.76099      -765.922119    
  -3250.79688      -2590.93970    
   3710.52808      -1878.63318    
   1043.79211      -4044.48096    
  -3238.34009      -2676.10791    
   2339.64380       3508.44067    
  -4165.82617       667.722168    
  -3166.04688       2806.68970    
  -1168.99353       4078.78687    
   3207.35669      -2793.00391    
   2300.93091       3586.34058    
   3876.87036       1796.77625    
   3289.98438      -2764.09326    
  -2239.05078      -3702.64526    
  -3886.92065      -1928.41101    
   2217.40674       3741.24414    
  -4031.46582       1652.49268    
   4352.45459      -423.402100    
  -3145.63257      -3106.48291    
   4135.63232      -1568.27185    
   335.867920      -4434.29834    
  -3578.64209       2646.64355    
  -2700.22729       3545.93018    
  -4476.77197       236.219406    
  -1694.05859       4176.50732    
  -460.215637       4489.47314    
   2834.78979      -3524.41431    
   3783.48071      -2547.15430    
  -3034.12280      -3453.47778    
  -3883.29150      -2471.36719    
  -4437.45264       1289.44019    
   4636.80176       42.8605766    
   593.351440       4612.99609    
   2983.58887       3583.54102    
  -3865.89746      -2657.12598    
  -4699.98682      -168.320038    
  -3242.24805       3431.56934    
  -1771.81628      -4378.05859    
  -4146.70605       2335.14697    
   1034.26794      -4686.22314    
   3469.90332      -3361.29907    
   191.913467       4867.21777    
   3795.91797       3081.12451    
  -2540.39526       4193.54248    
  -1269.02234       4742.13721    
   3652.04761      -3295.31641    
   1316.82178      -4751.91992    
   3774.44727       3176.16699    
   4895.38916      -739.976196    
   2686.52661      -4180.13623    
  -4923.52832       699.712036    
  -1370.21606      -4795.06787    
  -2658.65186      -4226.30078    
