   0.00000000       0.00000000    
   3.92156877E-02   1.44973421E-03
   7.84313753E-02   5.63167315E-03
  0.117647067       1.22241545E-02
  0.156862751       2.09304243E-02
  0.196078435       3.14770304E-02
  0.235294119       4.36123125E-02
  0.274509817       5.71049899E-02
  0.313725501       7.17428178E-02
  0.352941185       8.73313174E-02
  0.392156869      0.103692599    
  0.431372553      0.120664254    
  0.470588237      0.138098285    
  0.509803951      0.155860141    
  0.549019635      0.173827767    
  0.588235319      0.191890761    
  0.627451003      0.209949523    
  0.666666687      0.227914497    
  0.705882370      0.245705441    
  0.745098054      0.263250768    
  0.784313738      0.280486941    
  0.823529422      0.297357768    
  0.862745106      0.313813925    
  0.901960790      0.329812467    
  0.941176474      0.345316231    
  0.980392158      0.360293448    
   1.01960790      0.374717325    
   1.05882359      0.388565570    
   1.09803927      0.401820123    
   1.13725495      0.414466709    
   1.17647064      0.426494539    
   1.21568632      0.437896013    
   1.25490201      0.448666453    
   1.29411769      0.458803803    
   1.33333337      0.468308389    
   1.37254906      0.477182716    
   1.41176474      0.485431194    
   1.45098042      0.493060023    
   1.49019611      0.500076950    
   1.52941179      0.506491065    
   1.56862748      0.512312770    
   1.60784316      0.517553508    
   1.64705884      0.522225618    
   1.68627453      0.526342273    
   1.72549021      0.529917419    
   1.76470590      0.532965541    
   1.80392158      0.535501659    
   1.84313726      0.537541091    
   1.88235295      0.539099634    
   1.92156863      0.540193200    
   1.96078432      0.540837944    
   2.00000000      0.541050136    
   2.03921580      0.540846109    
   2.07843161      0.540242136    
   2.11764741      0.539254427    
   2.15686321      0.537899196    
   2.19607902      0.536192536    
   2.23529482      0.534150243    
   2.27451062      0.531788051    
   2.31372643      0.529121399    
   2.35294223      0.526165485    
   2.39215803      0.522935271    
   2.43137383      0.519445419    
   2.47058964      0.515710294    
   2.50980544      0.511743903    
   2.54902124      0.507559896    
   2.58823705      0.503171682    
   2.62745285      0.498592257    
   2.66666865      0.493834257    
   2.70588446      0.488909960    
   2.74510026      0.483831316    
   2.78431606      0.478609860    
   2.82353187      0.473256797    
   2.86274767      0.467782944    
   2.90196347      0.462198734    
   2.94117928      0.456514269    
   2.98039508      0.450739264    
   3.01961088      0.444883078    
   3.05882668      0.438954741    
   3.09804249      0.432962894    
   3.13725829      0.426915854    
   3.17647409      0.420821577    
   3.21568990      0.414687723    
   3.25490570      0.408521593    
   3.29412150      0.402330190    
   3.33333731      0.396120161    
   3.37255311      0.389897913    
   3.41176891      0.383669496    
   3.45098472      0.377440661    
   3.49020052      0.371216923    
   3.52941632      0.365003496    
   3.56863213      0.358805299    
   3.60784793      0.352627039    
   3.64706373      0.346473128    
   3.68627954      0.340347767    
   3.72549534      0.334254891    
   3.76471114      0.328198195    
   3.80392694      0.322181165    
   3.84314275      0.316207081    
   3.88235855      0.310279012    
   3.92157435      0.304399788    
   3.96079016      0.298572093    
   4.00000572      0.292798430    
   4.03922129      0.287081063    
   4.07843685      0.281422108    
   4.11765242      0.275823563    
   4.15686798      0.270287186    
   4.19608355      0.264814645    
   4.23529911      0.259407431    
   4.27451468      0.254066914    
   4.31373024      0.248794302    
   4.35294580      0.243590683    
   4.39216137      0.238457039    
   4.43137693      0.233394206    
   4.47059250      0.228402928    
   4.50980806      0.223483831    
   4.54902363      0.218637452    
   4.58823919      0.213864222    
   4.62745476      0.209164470    
   4.66667032      0.204538450    
   4.70588589      0.199986339    
   4.74510145      0.195508212    
   4.78431702      0.191104084    
   4.82353258      0.186773911    
   4.86274815      0.182517543    
   4.90196371      0.178334817    
   4.94117928      0.174225464    
   4.98039484      0.170189202    
   5.01961040      0.166225657    
   5.05882597      0.162334427    
   5.09804153      0.158515066    
   5.13725710      0.154767081    
   5.17647266      0.151089922    
   5.21568823      0.147483021    
   5.25490379      0.143945783    
   5.29411936      0.140477553    
   5.33333492      0.137077659    
   5.37255049      0.133745417    
   5.41176605      0.130480096    
   5.45098162      0.127280951    
   5.49019718      0.124147199    
   5.52941275      0.121078067    
   5.56862831      0.118072748    
   5.60784388      0.115130424    
   5.64705944      0.112250254    
   5.68627501      0.109431393    
   5.72549057      0.106672987    
   5.76470613      0.103974171    
   5.80392170      0.101334065    
   5.84313726       9.87517908E-02
   5.88235283       9.62264612E-02
   5.92156839       9.37571824E-02
   5.96078396       9.13430676E-02
   5.99999952       8.89832154E-02
   6.03921509       8.66767317E-02
   6.07843065       8.44227150E-02
   6.11764622       8.22202787E-02
   6.15686178       8.00685212E-02
   6.19607735       7.79665560E-02
   6.23529291       7.59134889E-02
   6.27450848       7.39084408E-02
   6.31372404       7.19505325E-02
   6.35293961       7.00388849E-02
   6.39215517       6.81726336E-02
   6.43137074       6.63509145E-02
   6.47058630       6.45728707E-02
   6.50980186       6.28376529E-02
   6.54901743       6.11444265E-02
   6.58823299       5.94923533E-02
   6.62744856       5.78806102E-02
   6.66666412       5.63083850E-02
   6.70587969       5.47748692E-02
   6.74509525       5.32792658E-02
   6.78431082       5.18207885E-02
   6.82352638       5.03986590E-02
   6.86274195       4.90121096E-02
   6.90195751       4.76603843E-02
   6.94117308       4.63427342E-02
   6.98038864       4.50584255E-02
   7.01960421       4.38067317E-02
   7.05881977       4.25869375E-02
   7.09803534       4.13983390E-02
   7.13725090       4.02402431E-02
   7.17646646       3.91119681E-02
   7.21568203       3.80128399E-02
   7.25489759       3.69422026E-02
   7.29411316       3.58994044E-02
   7.33332872       3.48838046E-02
   7.37254429       3.38947810E-02
   7.41175985       3.29317153E-02
   7.45097542       3.19940001E-02
   7.49019098       3.10810450E-02
   7.52940655       3.01922634E-02
   7.56862211       2.93270852E-02
   7.60783768       2.84849461E-02
   7.64705324       2.76652966E-02
   7.68626881       2.68675946E-02
   7.72548437       2.60913093E-02
   7.76469994       2.53359228E-02
   7.80391550       2.46009249E-02
   7.84313107       2.38858163E-02
   7.88234663       2.31901072E-02
   7.92156219       2.25133188E-02
   7.96077776       2.18549818E-02
   7.99999332       2.12146379E-02
   8.03920937       2.05918364E-02
   8.07842541       1.99861359E-02
   8.11764145       1.93971060E-02
   8.15685749       1.88243259E-02
   8.19607353       1.82673819E-02
   8.23528957       1.77258719E-02
   8.27450562       1.71994008E-02
   8.31372166       1.66875813E-02
   8.35293770       1.61900371E-02
   8.39215374       1.57063995E-02
   8.43136978       1.52363069E-02
   8.47058582       1.47794075E-02
   8.50980186       1.43353576E-02
   8.54901791       1.39038200E-02
   8.58823395       1.34844668E-02
   8.62744999       1.30769769E-02
   8.66666603       1.26810363E-02
   8.70588207       1.22963395E-02
   8.74509811       1.19225876E-02
   8.78431416       1.15594883E-02
   8.82353020       1.12067573E-02
   8.86274624       1.08641172E-02
   8.90196228       1.05312960E-02
   8.94117832       1.02080302E-02
   8.98039436       9.89406090E-03
   9.01961040       9.58913565E-03
   9.05882645       9.29300953E-03
   9.09804249       9.00544319E-03
   9.13725853       8.72620288E-03
   9.17647457       8.45506042E-03
   9.21569061       8.19179416E-03
   9.25490665       7.93618709E-03
   9.29412270       7.68802827E-03
   9.33333874       7.44711235E-03
   9.37255478       7.21323816E-03
   9.41177082       6.98621105E-03
   9.45098686       6.76584011E-03
   9.49020290       6.55193999E-03
   9.52941895       6.34433003E-03
   9.56863499       6.14283420E-03
   9.60785103       5.94728068E-03
   9.64706707       5.75750275E-03
   9.68628311       5.57333790E-03
   9.72549915       5.39462734E-03
   9.76471519       5.22121694E-03
   9.80393124       5.05295675E-03
   9.84314728       4.88970056E-03
   9.88236332       4.73130587E-03
   9.92157936       4.57763439E-03
   9.96079540       4.42855107E-03
   10.0000114       4.28392505E-03
